ПЕРЕПИСКА
Льва Глебовича Мищенко и
Светланы Александровны Ивановой
(перечень писем по датам и количеству)

1. Письма Льва Глебовича Мищенко

Писем Л.Г. за 1946 год:	даты:	
август - 4		9. 11. 17. 24.
сентябрь - 5		2.11. 22. 25. 30. 
октябрь - 3		15. 23. 30.
ноябрь - 8		2. 5. 9. 14. 18. 22. 25. 30.
декабрь - 8		1. 5. 9. 12. 16. 17. 21. 25.
	Всего - 28    
________________________________

Писем Л.Г. за  1947 год:             даты:
январь - 7		9. 13. 15. 18. 23. 25. 29.
февраль - 7		2. 9. 9. 14. 16. 18. 23.
март - 5		1. 4. 10. 17. 24.
апрель - 7		3. 5. 10. 16. 22.  24. 28.
май -7			2. 6. 11. 14.16. 20. 25.
июнь -5		2. 11. 16. 21. 28.	
июль -3		2. 24. 28.
август -8		1. 3. 4. 13. 14. 17. 23. 28.
сентябрь - 4		4.  7. 17. 22.
октябрь -11		1. 3. 4. 5. 6. 9. 16. 18. 23. 25. 27.
ноябрь - 5		3. 5. 14. 22. 30.
декабрь -3		8. 13. 21.
	Всего - 72    
_____________________________________

Писем Л.Г. за  1948 год:                   даты:
январь - 8		4. 9. 10. 12. 15. 19. 21. 29.
февраль - 4		3.19. 24. 29.
март - 7		2. 6. 8. 13. 15. 20. 28.
апрель - 5		6. 15. 17. 25. 29. 
май - 8			5. 8. 12. 17. 21. 23. 25. 31.
июнь - 13		2. 6. 8. 9. 13. 14. 19. 22. 24. 24. 25. 27. 27.
июль - 11		1. 1с. 4. 7. 9. 13. 18. 21. 26. 28. 31.
август - 7		6. 7. 14. 18. 22. 24. 29.
сентябрь - 11	   	4. 5. 9. 13. 16. 20. 22. 23. 26. 26. 30.   
октябрь - 6		4. 10. 16. 20. 25. 31.
ноябрь - 10		2. 3. 5. 7. 8. 9. 17. 18. 26. 30.
декабрь -15		3. 5. 7. 12. 14. 16. 20. 21. 22. 23. 24. 25. 27. 29. 30.
	Всего - 105    
___________________________________________

Писем Л.Г. за 1949 год:                        даты:
январь - 12		1. 3. 4. 15. 17. 17? 19. 20. 22. 23. 25. 29.
февраль - 4		2. 6. 19. 24.
март - 10		2. 6. 13. 16. 17. 21. 23. 26. 30. 31.
апрель - 10		4. 7. 10. 12. 17. 20. 22. 23. 27. 30.
май - 8			2. 6. 8 9. 15. 21. 26. 29. 
июнь - 9		2. 4. 5. 9. 16. 17. 20. 26. 30.
июль - 4		7. 16. 25. 29.
август - 8		2. 4. 8. 14. 19. 21. 23. 27.
сентябрь - 7		2. 13. 14. 16. 17. 21. 24.
октябрь - 6		2. 6. 15. 19. 25. 30.
ноябрь - 5		8. 12. 17. 23. 25.
декабрь - 9		3. 7. 9. 12. 16. 20. 27. 28. 31.
	Всего - 92     
______________________________________

Писем Л.Г. за 1950 год:                 даты:
январь	 - 7		8, 11, 12, 19, 21, 25, 29
февраль - 9		1, 4, 6, 10, 14, 16, 18, 22, 27.
март - 6		4, 11, 16, 21, 26, 31.
апрель - 6		3, 5, 8, 12, 16, 22.
май - 7			2, 7, 9, 17, 19, 30, 31.	
июнь - 5		6, 10, 16, 25, 28.
июль - 6		1, 9, 13, 19, 24, 30.
август - 4		9, 14, 24, 28,
сентябрь - 6		1, 4, 10, 16, 23, 29.	
октябрь - 7		3, 11, 14, 18, 21, 23, 29.
ноябрь - 12		1, 6, 7, 12, 12, 13, 14, 16, 19, 24, 27, 29.
декабрь - 5		7, 11, 16, 21, 25.
	Всего - 80     
_____________________________________________

Писем Л.Г. за 1951 год:         даты:
январь	 - 3		4, 6, 13.
февраль - 		-
март -  1		8.
апрель	 - 4		2, 5, 7, 25.
май - 3			6, 23, 29.
июнь - 5		3, 10, 16, 24, 28.
июль - 4		1, 7, 21, 23.
август - 10		3, 11, 15, 17, 17, 18, 19, 21?, 23, 28.
сентябрь - 4		1, 6, 12, 30.
октябрь - 4		9, 17, 20, 27.
ноябрь - 2		10, 22.
декабрь - 4		2, 9, 23, 27.
	Всего - 44      
___________________________________________

Писем Л.Г. за  1952 г.:         даты:    
январь - 4		2, 19, 19, 24.
февраль-  4		6, 10, 17, 26.
март - 6		5, 6, 12, 16, 19, 28.
апрель	 - 4		9, 20, 25, 30.
май - 6			7, 10, 13, 16, 22, 26.
июнь - 4		4, 11, 23, 29.
июль - 4		9, 18, 20, 30.
август - 4		6, 12, 26, 31.
сентябрь - 3		3, 8, 16.
октябрь - 5		1, 10, 18, 20, 30.
ноябрь - 6		2, 8, 11(окт),  9, 18, 25.
декабрь - 18		4, 7, 7, 8, 9, 11, 12, 13, 16, 17, 18, 18, 19, 22, 24, 26, 27, 30.
	Всего - 68

___________________________________________

Писем Л.Г. за 1953 год:      даты:
январь - 12		1, 4, 6, 8, 9, 10, 13, 17, 22, 25, 27, 31.
февраль - 10		2, 6, 7, 10, 12, 15, 18, 22, 24, 27.
март - 9		1, 6, 8, 11, 15 ,19, 24, 26, 31.
апрель - 7		1, 3, 10, 13, 14, 23, 30.
май - 7			6, 13, 16, 23, 27, 30, 31.
июнь - 7		3,  7, 9, 12, 14, 24, 29.
июль - 3		1, 1?, 22.
август - 4		1, 9, 20, 27.
сентябрь - 4		1, 9, 17, 27.
октябрь - 6		2, 9, 14, 14, 20, 27.
ноябрь - 4		6, 15, 21, 27.
декабрь - 7		5, 13, 15, 17, 20, 28, 31.
	Всего - 80
________________________________________________
				
Писем Л.Г. за 1954 год:       даты:
январь - 4		8, 12, 24, 29.
февраль - 4		7, 13, 18, 23.
март - 3		1, 12, 25.
апрель - 5		1, 11, 15, 22, 29.
май - 4			6, 10, 25, 31.
июнь - 4		4, 10, 14, 26.
июнь - 3		4, 9,  на свободе: 26.
август - 5		4, 4, 5, 6, 7, 
сентябрь, октябрь -  писем нет
ноябрь - 6		16, 17, 18, 21, 22, 23.
	Всего - 38
			Всех писем Льва Глебовича (1946-1954) - 607


2. Письма Светланы Александровны Ивановой

Писем С.А. за  1946 год:     даты:
июль -  1		12.
август - 2	 	12. 23. 
сентябрь - 0		нет
октябрь - 4		15. 20. 24. 28. 
ноябрь - 3		12. 15. 24.
декабрь - 7		1. 10. 15. 19. 22. 24. 31.
		Всего - 17    
____________________________________

Писем С.А. за  1947 год:            даты:       
январь - 6		2. 6. 15. 17. 20. 26.
февраль - 6		2. 7. 12. 16. 22. 22.
март - 4		10. 13. 17. 20. 
апрель - 4		6. 9. 16. 23. 		
май - 3			2. 6. 16.
июнь - 6		1. 7. 10. 17. 22. 26.
июль - 8		1. 5. 10. 16. 19. 22. 28. 30.
август - 5		3. 10. 12. 20. 30.
сентябрь - 2		7. 12.
октябрь - 11		1. 7. 9. 15. 16. 17. 18. 20. 24. 27. 29.
ноябрь - 4		7. 18. 25. 27. 
декабрь - 8		4. 10. 13. 16. 18. 20. 23. 27.
		Всего - 67    
_________________________________________

Писем С.А.  за 1948 год:               даты:    
январь - 8		5. 7. 21. 22. 24. 27. 29. 30. 
февраль - 9		2. 4. 7. 12. 13. 14. 18. 20. 25.
март - 8		2. 6. 8. 18. 19. 28. 30. 31. 
апрель - 4		1. 10. 16. 18. 
май - 7			4. 12. 19. 23. 25. 28. 30. 
июнь - 	8		5. 7. 13. 20. 22. 25. 28. 29. 
июль - 9		1. 8. 8. 11. 12. 13. 23. 26. 29.
август - 4		2. 9. 13. 18. 
сентябрь - 12		1. 2. 4. 5.  6. 8. 10. 16. 19. 21. 28. 30.
октябрь - 10		2. 3. 9. 11. 13. 15. 17. 20. 28. 30. 
ноябрь - 9		1. 4. 8. 10. 16. 18. 20. 24. 28.
декабрь - 10		1. 3. 6. 9. 11. 15. 17. 23. 26. 29.
		Всего - 98   
__________________________________________

Писем С.А. за 1949 год:   	даты:
январь - 5		3. 12. 24. 28. 31. 
февраль - 7		3. 4. 11. 14. 22. 23. 26. 
март - 10		1. 5. 9. 10. 12. 15. 18. 22. 25. 30. 
апрель - 7		1. 5. 6. 12. 13. 20. 28. 
май - 4			1. 3. 17. 27. 	
июнь - 9		3. 8. 10. 13. 16.  21. 24. 29. 30. 
июль - 6		4. 8. 14. 19. 23. 27. 
август - 5		2. 4. 14. 21. 26.
сентябрь - 6		13. 14. 17. 19. 28. 30. 
октябрь - 10		4. 5. 7. 9. 11. 16. 20. 25. 26. 29. 
ноябрь - 8		3. 4. 5. 14. 15. 20. 24. 30. 
декабрь - 9		6. 7. 11. 14. 18. 19. 23. 28. 29.
		Всего в 1949 г. - 86    
__________________________________________

Писем С.А. за 1950 год:       даты:  
январь- 3		4, 11, 12.
февраль - 7		1, 4, 8, 12, 15, 20, 26.
март - 10		3, 7, 9, 13, 19, 22, 23, 25, 27, 29.
апрель	- 5		7, 16, 20, 26, 30.
май - 7			2, 11, 15, 18, 22, 26, 29.
июнь  - 8		2, 4, 7, 12, 13, 14, 16, 30.
июль - 5		10, 13, 14, 19, 25.
август - 8		10, 13, 14, 18, 20, 22, 27, 31.
сентябрь - 4		23, 28, 30, 30.
октябрь - 8		3, 7, 14, 16, 19, 22, 25, 27.
ноябрь	- 8		6, 9, 10, 11, 12, 20, 23, 25.
декабрь - 6		4, 9, 11, 18, 27, 30.
		Всего - 79    
__________________________________________

Писем С.А. за 1951 год:  	 даты:
январь - 9		1, 4, 12, 13, 15, 20, 24, 26, 27. 
февраль - 6		2, 6, 14, 18, 26, 28.
март - 5		7, 12, 19, 26, 28.
апрель - 7		3, 8, 12, 22, 23, 26, 30.
май - 4			5, 17, 23, 28.
июнь - 7		1, 16, 19, 22, 26, 27, 29.
июль - 8		2, 11, 15, 18, 18, 19, 22, 25.
август - 5		21, 17?, 17?, 28, 29.
сентябрь - 3		7, 10, 19.
октябрь - 5		3, 20, 20?, 22, 28, 
ноябрь	- 5		1, 4, 7, 10, 28?
декабрь - 5		2, 5, 14, 22, 25	
		Всего -  69    
_____________________________________________

Писем С.А. за 1952 год:  	даты:
январь - 7		4, 8, 18, 20, 24, 27, 29.
февраль - 5	            1, 5, 8, 12, 23.
март - 4	            5, 11, 24, 26.
апрель - 3	            6, 20, 23.
май  - 5		            2, 9, 11, 16, 27.
июнь - 5	            4, 7, 13, 16, 22.
июль - 9	            1, 8, 11, 17, 19, 21, 27, 29, 31.
август - 3                     6, 13, 24.
сентябрь - 5                4,  7, 12, 15, 28.
октябрь - 9                  1, 3, 8, 13, 18, 20, 22, 24, 27.
ноябрь - 6                   2, 4, 12, 14, 17?, 24.
декабрь - 1                  7.
		Всего в 1952 г. - 62  

Писем С.А. за 1953 г.       даты
январь - 7	9, 18, 19, 21, 24, 26, 28.
февраль - 8	4, 6, 8, 16, 18, 19, 24, 26.
март - 5	11, 14, 18, 22, 24.
апрель - 4	4, 14, 20, 24.
май - 6		5, 6, 12, 12?, 27, 30.
июнь - 5	1, 5, 12, 19, 21.
июль - 7	3,  5, 7, 10, 13, 15, 29.
август - 9	1, 3, 4, 9, 5, 7, 9, 22, 31.
сентябрь - 7	2, 11, 15, 20, 24, 27, 29.
октябрь - 8	2, 6, 11, 13, 17, 21, 28, 29.
ноябрь - 7	1, 2, 12, 18, 20, 22, 29.
декабрь - 9	7, 10, 15, 15, 18, 24, 25, 27, 28.
____________________________________
		Всего - 82	

Писем С.А. за 1954 г.:       даты
январь	- 7	1, 12, 13, 19, 24, 27, 30.
февраль - 6	4, 6, 8, 10, 18, 22.
март - 6	1, 6, 16, 17, 28, 29.	
апрель -7	2, 11, 14, 16, 18, 23, 28.
май - 5		2, 20, 23, 24,  30.
июнь - 6	1, 6, 8(?), 18, 23, 29.
июль - 2	2, 12.
август - 9	1, 1, 2, 3, 5, 7, 9, 10, (дата?).
сентябрь - 0
октябрь - 0
ноябрь - 9	14, 16, 17, 18, 20, 22, 22, 22, 23.
________________________________________
		Всего - 57

Всего писем Светланы Александровны за 1946-1954 гг. - 617

В переписке Мищенко-Ивановой за 1946-1954 гг. всего 1224 письма.
(607 - Л.Г. + 617 - С.А.)


Общее количество писем за 1946-1954 гг.:

Годы
Лев Глебович
Светлана Ал.
Всего за год
1946
28
17
45
1947
72
67
139
1948
105
98
203
1949
92
86
178
1950
80
79
159
1951
44
69
113
1952
68
62
130
1953
80
82
162
1954
38
57
95
Всего писем
607 
617 
1224 



Обработка: О.Ф.Краузе  11 февраля 2016 г.
